 u inicial =   0.20000000000000001     
 dx =    2.0000000000000000E-002 , dy =    2.0000000000000000E-002 , dz =    2.0000000000000000E-002
 nx =          150 ny =           50 nz =           50
 dt =    1.0000000000000000E-003 ts =           10 duração da sim =   15.407952783333334     
 amp =   0.25000000000000000      comp =    1.0000000000000000     
 elev =            0
