 u inicial =    0.0000000000000000     
 dx =    2.0000000000000000E-002 , dy =    2.0000000000000000E-002 , dz =    2.0000000000000000E-002
 nx =           20 ny =           20 nz =           20
 dt =    1.0000000000000000E-003 ts =         2000 duração da sim =   1.1379925666666666     
 amp =   0.50000000000000000      comp =   0.50000000000000000     
 elev =            1
