 u inicial =    0.0000000000000000     
 dx =    2.0000000000000000E-002 , dy =   0.20000000000000001      , dz =    2.0000000000000000E-002
 nx =           15 ny =            5 nz =           50
 dt =    1.0000000000000000E-003 ts =        10000 duração da sim =   1.0596069500000000     
 amp =   0.50000000000000000      comp =   0.50000000000000000     
 elev =            1
